0.00000000 0.00000000 
0.00978474 0.00985804 
0.01956948 0.01986163 
0.02935422 0.03000922 
0.03913896 0.04029925 
0.04892370 0.05073015 
0.05870844 0.06130040 
0.06849318 0.07200843 
0.07827792 0.08285273 
0.08806266 0.09383175 
0.09784740 0.10494398 
0.10763214 0.11618790 
0.11741688 0.12756202 
0.12720162 0.13906482 
0.13698636 0.15069484 
0.14677110 0.16245058 
0.15655584 0.17433058 
0.16634058 0.18633339 
0.17612532 0.19845755 
0.18591006 0.21070163 
0.19569480 0.22306422 
0.20547954 0.23554389 
0.21526428 0.24813924 
0.22504902 0.26084890 
0.23483376 0.27367147 
0.24461850 0.28660560 
0.25440324 0.29964994 
0.26418798 0.31280314 
0.27397272 0.32606390 
0.28375746 0.33943089 
0.29354220 0.35290281 
0.30332694 0.36647839 
0.31311168 0.38015636 
0.32289642 0.39393545 
0.33268116 0.40781443 
0.34246590 0.42179207 
0.35225064 0.43586715 
0.36203538 0.45003847 
0.37182012 0.46430485 
0.38160486 0.47866512 
0.39138960 0.49311811 
0.40117434 0.50766269 
0.41095908 0.52229773 
0.42074382 0.53702211 
0.43052856 0.55183473 
0.44031330 0.56673450 
0.45009804 0.58172035 
0.45988278 0.59679123 
0.46966752 0.61194608 
0.47945226 0.62718388 
0.48923700 0.64250361 
0.49902174 0.65790426 
0.50880648 0.67338486 
0.51859122 0.68894441 
0.52837596 0.70458196 
0.53816070 0.72029656 
0.54794544 0.73608728 
0.55773018 0.75195318 
0.56751492 0.76789336 
0.57729966 0.78390693 
0.58708440 0.79999300 
0.59686914 0.81615069 
0.60665388 0.83237916 
0.61643862 0.84867754 
0.62622336 0.86504502 
0.63600810 0.88148076 
0.64579284 0.89798396 
0.65557758 0.91455382 
0.66536232 0.93118955 
0.67514706 0.94789038 
0.68493180 0.96465555 
0.69471654 0.98148429 
0.70450128 0.99837588 
0.71428602 1.01532958 
0.72407076 1.03234468 
0.73385550 1.04942046 
0.74364024 1.06655623 
0.75342498 1.08375131 
0.76320972 1.10100501 
0.77299446 1.11831666 
0.78277920 1.13568562 
0.79256394 1.15311124 
0.80234868 1.17059287 
0.81213342 1.18812990 
0.82191816 1.20572170 
0.83170290 1.22336767 
0.84148764 1.24106721 
0.85127238 1.25881972 
0.86105712 1.27662463 
0.87084186 1.29448136 
0.88062660 1.31238936 
0.89041134 1.33034806 
0.90019608 1.34835692 
0.90998082 1.36641539 
0.91976556 1.38452296 
0.92955030 1.40267910 
0.93933504 1.42088328 
0.94911978 1.43913502 
0.95890452 1.45743380 
0.96868926 1.47577913 
0.97847400 1.49417054 
0.98825874 1.51260754 
0.99804348 1.53108966 
1.00782822 1.54961645 
1.01761296 1.56818744 
1.02739770 1.58680219 
1.03718244 1.60546024 
1.04696718 1.62416118 
1.05675192 1.64290457 
1.06653666 1.66168998 
1.07632140 1.68051699 
1.08610614 1.69938521 
1.09589088 1.71829422 
1.10567562 1.73724362 
1.11546036 1.75623302 
1.12524510 1.77526204 
1.13502984 1.79433028 
1.14481458 1.81343739 
1.15459932 1.83258298 
1.16438406 1.85176669 
1.17416880 1.87098816 
1.18395354 1.89024703 
1.19373828 1.90954297 
1.20352302 1.92887561 
1.21330776 1.94824462 
1.22309250 1.96764968 
1.23287724 1.98709044 
1.24266198 2.00656658 
1.25244672 2.02607778 
1.26223146 2.04562373 
1.27201620 2.06520410 
1.28180094 2.08481861 
1.29158568 2.10446693 
1.30137042 2.12414878 
1.31115516 2.14386386 
1.32093990 2.16361187 
1.33072464 2.18339254 
1.34050938 2.20320557 
1.35029412 2.22305069 
1.36007886 2.24292762 
1.36986360 2.26283610 
1.37964834 2.28277585 
1.38943308 2.30274662 
1.39921782 2.32274813 
1.40900256 2.34278014 
1.41878730 2.36284239 
1.42857204 2.38293462 
1.43835678 2.40305660 
1.44814152 2.42320808 
1.45792626 2.44338882 
1.46771100 2.46359858 
1.47749574 2.48383713 
1.48728048 2.50410424 
1.49706522 2.52439968 
1.50684996 2.54472321 
1.51663470 2.56507464 
1.52641944 2.58545372 
1.53620418 2.60586025 
1.54598892 2.62629402 
1.55577366 2.64675480 
1.56555840 2.66724241 
1.57534314 2.68775661 
1.58512788 2.70829723 
1.59491262 2.72886405 
1.60469736 2.74945687 
1.61448210 2.77007551 
1.62426684 2.79071977 
1.63405158 2.81138945 
1.64383632 2.83208438 
1.65362106 2.85280436 
1.66340580 2.87354920 
1.67319054 2.89431874 
1.68297528 2.91511279 
1.69276002 2.93593117 
1.70254476 2.95677371 
1.71232950 2.97764023 
1.72211424 2.99853056 
1.73189898 3.01944455 
1.74168372 3.04038201 
1.75146846 3.06134278 
1.76125320 3.08232671 
1.77103794 3.10333363 
1.78082268 3.12436337 
1.79060742 3.14541580 
1.80039216 3.16649074 
1.81017690 3.18758805 
1.81996164 3.20870757 
1.82974638 3.22984916 
1.83953112 3.25101266 
1.84931586 3.27219793 
1.85910060 3.29340483 
1.86888534 3.31463320 
1.87867008 3.33588292 
1.88845482 3.35715384 
1.89823956 3.37844581 
1.90802430 3.39975871 
1.91780904 3.42109240 
1.92759378 3.44244675 
1.93737852 3.46382161 
1.94716326 3.48521687 
1.95694800 3.50663239 
1.96673274 3.52806805 
1.97651748 3.54952371 
1.98630222 3.57099925 
1.99608696 3.59249455 
2.00587170 3.61400948 
2.01565644 3.63554393 
2.02544118 3.65709777 
2.03522592 3.67867088 
2.04501066 3.70026316 
2.05479540 3.72187447 
2.06458014 3.74350470 
2.07436488 3.76515375 
2.08414962 3.78682150 
2.09393436 3.80850783 
2.10371910 3.83021264 
2.11350384 3.85193582 
2.12328858 3.87367726 
2.13307332 3.89543685 
2.14285806 3.91721448 
2.15264280 3.93901006 
2.16242754 3.96082347 
2.17221228 3.98265462 
2.18199702 4.00450340 
2.19178176 4.02636971 
2.20156650 4.04825346 
2.21135124 4.07015453 
2.22113598 4.09207285 
2.23092072 4.11400830 
2.24070546 4.13596079 
2.25049020 4.15793024 
2.26027494 4.17991653 
2.27005968 4.20191959 
2.27984442 4.22393931 
2.28962916 4.24597561 
2.29941390 4.26802840 
2.30919864 4.29009759 
2.31898338 4.31218308 
2.32876812 4.33428479 
2.33855286 4.35640264 
2.34833760 4.37853653 
2.35812234 4.40068639 
2.36790708 4.42285212 
2.37769182 4.44503364 
2.38747656 4.46723087 
2.39726130 4.48944373 
2.40704604 4.51167214 
2.41683078 4.53391600 
2.42661552 4.55617526 
2.43640026 4.57844982 
2.44618500 4.60073960 
2.45596974 4.62304453 
2.46575448 4.64536454 
2.47553922 4.66769954 
2.48532396 4.69004945 
2.49510870 4.71241422 
2.50489344 4.73479374 
2.51467818 4.75718797 
2.52446292 4.77959681 
2.53424766 4.80202021 
2.54403240 4.82445808 
2.55381714 4.84691035 
2.56360188 4.86937697 
2.57338662 4.89185784 
2.58317136 4.91435291 
2.59295610 4.93686211 
2.60274084 4.95938536 
2.61252558 4.98192261 
2.62231032 5.00447378 
2.63209506 5.02703880 
2.64187980 5.04961761 
2.65166454 5.07221015 
2.66144928 5.09481635 
2.67123402 5.11743614 
2.68101876 5.14006946 
2.69080350 5.16271625 
2.70058824 5.18537645 
2.71037298 5.20804999 
2.72015772 5.23073681 
2.72994246 5.25343684 
2.73972720 5.27615004 
2.74951194 5.29887634 
2.75929668 5.32161567 
2.76908142 5.34436798 
2.77886616 5.36713321 
2.78865090 5.38991131 
2.79843564 5.41270221 
2.80822038 5.43550585 
2.81800512 5.45832218 
2.82778986 5.48115115 
2.83757460 5.50399269 
2.84735934 5.52684675 
2.85714408 5.54971328 
2.86692882 5.57259221 
2.87671356 5.59548351 
2.88649830 5.61838710 
2.89628304 5.64130295 
2.90606778 5.66423099 
2.91585252 5.68717117 
2.92563726 5.71012344 
2.93542200 5.73308775 
2.94520674 5.75606404 
2.95499148 5.77905227 
2.96477622 5.80205239 
2.97456096 5.82506434 
2.98434570 5.84808807 
2.99413044 5.87112354 
3.00391518 5.89417069 
3.01369992 5.91722948 
3.02348466 5.94029985 
3.03326940 5.96338177 
3.04305414 5.98647517 
3.05283888 6.00958002 
3.06262362 6.03269626 
3.07240836 6.05582386 
3.08219310 6.07896276 
3.09197784 6.10211291 
3.10176258 6.12527428 
3.11154732 6.14844681 
3.12133206 6.17163046 
3.13111680 6.19482518 
3.14090154 6.21803094 
3.15068628 6.24124768 
3.16047102 6.26447537 
3.17025576 6.28771396 
3.18004050 6.31096340 
3.18982524 6.33422365 
3.19960998 6.35749467 
3.20939472 6.38077642 
3.21917946 6.40406886 
3.22896420 6.42737194 
3.23874894 6.45068562 
3.24853368 6.47400987 
3.25831842 6.49734463 
3.26810316 6.52068987 
3.27788790 6.54404555 
3.28767264 6.56741163 
3.29745738 6.59078806 
3.30724212 6.61417482 
3.31702686 6.63757185 
3.32681160 6.66097913 
3.33659634 6.68439661 
3.34638108 6.70782425 
3.35616582 6.73126201 
3.36595056 6.75470987 
3.37573530 6.77816777 
3.38552004 6.80163568 
3.39530478 6.82511357 
3.40508952 6.84860139 
3.41487426 6.87209911 
3.42465900 6.89560670 
3.43444374 6.91912411 
3.44422848 6.94265132 
3.45401322 6.96618828 
3.46379796 6.98973496 
3.47358270 7.01329132 
3.48336744 7.03685733 
3.49315218 7.06043296 
3.50293692 7.08401816 
3.51272166 7.10761291 
3.52250640 7.13121717 
3.53229114 7.15483091 
3.54207588 7.17845409 
3.55186062 7.20208667 
3.56164536 7.22572863 
3.57143010 7.24937994 
3.58121484 7.27304055 
3.59099958 7.29671044 
3.60078432 7.32038957 
3.61056906 7.34407791 
3.62035380 7.36777543 
3.63013854 7.39148210 
3.63992328 7.41519788 
3.64970802 7.43892275 
3.65949276 7.46265666 
3.66927750 7.48639960 
3.67906224 7.51015153 
3.68884698 7.53391241 
3.69863172 7.55768222 
3.70841646 7.58146093 
3.71820120 7.60524850 
3.72798594 7.62904492 
3.73777068 7.65285013 
3.74755542 7.67666413 
3.75734016 7.70048687 
3.76712490 7.72431833 
3.77690964 7.74815847 
3.78669438 7.77200728 
3.79647912 7.79586472 
3.80626386 7.81973075 
3.81604860 7.84360536 
3.82583334 7.86748852 
3.83561808 7.89138019 
3.84540282 7.91528035 
3.85518756 7.93918896 
3.86497230 7.96310602 
3.87475704 7.98703147 
3.88454178 8.01096530 
3.89432652 8.03490748 
3.90411126 8.05885799 
3.91389600 8.08281679 
3.92368074 8.10678385 
3.93346548 8.13075916 
3.94325022 8.15474269 
3.95303496 8.17873440 
3.96281970 8.20273428 
3.97260444 8.22674229 
3.98238918 8.25075842 
3.99217392 8.27478263 
4.00195866 8.29881489 
4.01174340 8.32285519 
4.02152814 8.34690350 
4.03131288 8.37095979 
4.04109762 8.39502404 
4.05088236 8.41909623 
4.06066710 8.44317632 
4.07045184 8.46726429 
4.08023658 8.49136012 
4.09002132 8.51546379 
4.09980606 8.53957526 
4.10959080 8.56369452 
4.11937554 8.58782154 
4.12916028 8.61195630 
4.13894502 8.63609878 
4.14872976 8.66024894 
4.15851450 8.68440677 
4.16829924 8.70857225 
4.17808398 8.73274534 
4.18786872 8.75692603 
4.19765346 8.78111429 
4.20743820 8.80531011 
4.21722294 8.82951345 
4.22700768 8.85372429 
4.23679242 8.87794262 
4.24657716 8.90216841 
4.25636190 8.92640164 
4.26614664 8.95064228 
4.27593138 8.97489032 
4.28571612 8.99914573 
4.29550086 9.02340849 
4.30528560 9.04767857 
4.31507034 9.07195596 
4.32485508 9.09624064 
4.33463982 9.12053258 
4.34442456 9.14483176 
4.35420930 9.16913816 
4.36399404 9.19345176 
4.37377878 9.21777254 
4.38356352 9.24210048 
4.39334826 9.26643555 
4.40313300 9.29077774 
4.41291774 9.31512703 
4.42270248 9.33948339 
4.43248722 9.36384680 
4.44227196 9.38821725 
4.45205670 9.41259471 
4.46184144 9.43697917 
4.47162618 9.46137060 
4.48141092 9.48576899 
4.49119566 9.51017431 
4.50098040 9.53458654 
4.51076514 9.55900567 
4.52054988 9.58343168 
4.53033462 9.60786454 
4.54011936 9.63230424 
4.54990410 9.65675076 
4.55968884 9.68120407 
4.56947358 9.70566417 
4.57925832 9.73013102 
4.58904306 9.75460462 
4.59882780 9.77908494 
4.60861254 9.80357197 
4.61839728 9.82806568 
4.62818202 9.85256606 
4.63796676 9.87707308 
4.64775150 9.90158674 
4.65753624 9.92610701 
4.66732098 9.95063388 
4.67710572 9.97516732 
4.68689046 9.99970732 
4.69667520 10.02425386 
4.70645994 10.04880692 
4.71624468 10.07336649 
4.72602942 10.09793254 
4.73581416 10.12250507 
4.74559890 10.14708404 
4.75538364 10.17166945 
4.76516838 10.19626128 
4.77495312 10.22085951 
4.78473786 10.24546412 
4.79452260 10.27007510 
4.80430734 10.29469243 
4.81409208 10.31931609 
4.82387682 10.34394607 
4.83366156 10.36858234 
4.84344630 10.39322490 
4.85323104 10.41787372 
4.86301578 10.44252879 
4.87280052 10.46719009 
4.88258526 10.49185761 
4.89237000 10.51653133 
4.90215474 10.54121123 
4.91193948 10.56589730 
4.92172422 10.59058952 
4.93150896 10.61528787 
4.94129370 10.63999235 
4.95107844 10.66470293 
4.96086318 10.68941959 
4.97064792 10.71414233 
4.98043266 10.73887113 
4.99021740 10.76360596 
5.00000214 10.78834682 
5.00978688 10.81309369 
5.01957162 10.83784655 
5.02935636 10.86260540 
5.03914110 10.88737020 
5.04892584 10.91214096 
5.05871058 10.93691765 
5.06849532 10.96170025 
5.07828006 10.98648876 
5.08806480 11.01128316 
5.09784954 11.03608344 
5.10763428 11.06088957 
5.11741902 11.08570154 
5.12720376 11.11051935 
5.13698850 11.13534297 
5.14677324 11.16017239 
5.15655798 11.18500759 
5.16634272 11.20984857 
5.17612746 11.23469530 
5.18591220 11.25954778 
5.19569694 11.28440599 
5.20548168 11.30926990 
5.21526642 11.33413952 
5.22505116 11.35901483 
5.23483590 11.38389581 
5.24462064 11.40878245 
5.25440538 11.43367473 
5.26419012 11.45857264 
5.27397486 11.48347617 
5.28375960 11.50838530 
5.29354434 11.53330002 
5.30332908 11.55822032 
5.31311382 11.58314618 
5.32289856 11.60807758 
5.33268330 11.63301453 
5.34246804 11.65795699 
5.35225278 11.68290497 
5.36203752 11.70785844 
5.37182226 11.73281739 
5.38160700 11.75778181 
5.39139174 11.78275169 
5.40117648 11.80772701 
5.41096122 11.83270776 
5.42074596 11.85769393 
5.43053070 11.88268550 
5.44031544 11.90768247 
5.45010018 11.93268481 
5.45988492 11.95769252 
5.46966966 11.98270558 
5.47945440 12.00772398 
5.48923914 12.03274771 
5.49902388 12.05777676 
5.50880862 12.08281111 
5.51859336 12.10785075 
5.52837810 12.13289567 
5.53816284 12.15794585 
5.54794758 12.18300129 
5.55773232 12.20806197 
5.56751706 12.23312788 
5.57730180 12.25819900 
5.58708654 12.28327534 
5.59687128 12.30835686 
5.60665602 12.33344357 
5.61644076 12.35853544 
5.62622550 12.38363247 
5.63601024 12.40873465 
5.64579498 12.43384196 
5.65557972 12.45895440 
5.66536446 12.48407194 
5.67514920 12.50919458 
5.68493394 12.53432231 
5.69471868 12.55945512 
5.70450342 12.58459299 
5.71428816 12.60973591 
5.72407290 12.63488387 
5.73385764 12.66003686 
5.74364238 12.68519487 
5.75342712 12.71035789 
5.76321186 12.73552590 
5.77299660 12.76069890 
5.78278134 12.78587687 
5.79256608 12.81105980 
5.80235082 12.83624769 
5.81213556 12.86144051 
5.82192030 12.88663826 
5.83170504 12.91184093 
5.84148978 12.93704851 
5.85127452 12.96226099 
5.86105926 12.98747835 
5.87084400 13.01270058 
5.88062874 13.03792768 
5.89041348 13.06315963 
5.90019822 13.08839643 
5.90998296 13.11363805 
5.91976770 13.13888450 
5.92955244 13.16413576 
5.93933718 13.18939182 
5.94912192 13.21465267 
5.95890666 13.23991829 
5.96869140 13.26518869 
5.97847614 13.29046385 
5.98826088 13.31574375 
5.99804562 13.34102839 
6.00783036 13.36631776 
6.01761510 13.39161185 
6.02739984 13.41691064 
6.03718458 13.44221413 
6.04696932 13.46752231 
6.05675406 13.49283517 
6.06653880 13.51815269 
6.07632354 13.54347487 
6.08610828 13.56880169 
6.09589302 13.59413316 
6.10567776 13.61946925 
6.11546250 13.64480996 
6.12524724 13.67015527 
6.13503198 13.69550519 
6.14481672 13.72085969 
6.15460146 13.74621877 
6.16438620 13.77158242 
6.17417094 13.79695063 
6.18395568 13.82232339 
6.19374042 13.84770068 
6.20352516 13.87308251 
6.21330990 13.89846886 
6.22309464 13.92385972 
6.23287938 13.94925508 
6.24266412 13.97465494 
6.25244886 14.00005928 
6.26223360 14.02546809 
6.27201834 14.05088137 
6.28180308 14.07629910 
6.29158782 14.10172128 
6.30137256 14.12714790 
6.31115730 14.15257894 
6.32094204 14.17801440 
6.33072678 14.20345428 
6.34051152 14.22889855 
6.35029626 14.25434721 
6.36008100 14.27980026 
6.36986574 14.30525768 
6.37965048 14.33071946 
6.38943522 14.35618561 
6.39921996 14.38165609 
6.40900470 14.40713092 
6.41878944 14.43261007 
6.42857418 14.45809355 
6.43835892 14.48358133 
6.44814366 14.50907342 
6.45792840 14.53456981 
6.46771314 14.56007047 
6.47749788 14.58557542 
6.48728262 14.61108463 
6.49706736 14.63659811 
6.50685210 14.66211583 
6.51663684 14.68763780 
6.52642158 14.71316400 
6.53620632 14.73869443 
6.54599106 14.76422907 
6.55577580 14.78976792 
6.56556054 14.81531097 
6.57534528 14.84085822 
6.58513002 14.86640965 
6.59491476 14.89196525 
6.60469950 14.91752502 
6.61448424 14.94308895 
6.62426898 14.96865704 
6.63405372 14.99422926 
6.64383846 15.01980562 
6.65362320 15.04538610 
6.66340794 15.07097070 
6.67319268 15.09655942 
6.68297742 15.12215223 
6.69276216 15.14774914 
6.70254690 15.17335013 
6.71233164 15.19895520 
6.72211638 15.22456435 
6.73190112 15.25017755 
6.74168586 15.27579481 
6.75147060 15.30141611 
6.76125534 15.32704146 
6.77104008 15.35267083 
6.78082482 15.37830423 
6.79060956 15.40394164 
6.80039430 15.42958306 
6.81017904 15.45522848 
6.81996378 15.48087790 
6.82974852 15.50653129 
6.83953326 15.53218866 
6.84931800 15.55785001 
6.85910274 15.58351531 
6.86888748 15.60918457 
6.87867222 15.63485777 
6.88845696 15.66053492 
6.89824170 15.68621599 
6.90802644 15.71190099 
6.91781118 15.73758991 
6.92759592 15.76328273 
6.93738066 15.78897946 
6.94716540 15.81468008 
6.95695014 15.84038458 
6.96673488 15.86609297 
6.97651962 15.89180523 
6.98630436 15.91752136 
6.99608910 15.94324134 
7.00587384 15.96896517 
7.01565858 15.99469285 
7.02544332 16.02042436 
7.03522806 16.04615971 
7.04501280 16.07189887 
7.05479754 16.09764185 
7.06458228 16.12338864 
7.07436702 16.14913922 
7.08415176 16.17489361 
7.09393650 16.20065177 
7.10372124 16.22641372 
7.11350598 16.25217944 
7.12329072 16.27794893 
7.13307546 16.30372217 
7.14286020 16.32949917 
7.15264494 16.35527991 
7.16242968 16.38106439 
7.17221442 16.40685260 
7.18199916 16.43264453 
7.19178390 16.45844019 
7.20156864 16.48423955 
7.21135338 16.51004262 
7.22113812 16.53584938 
7.23092286 16.56165983 
7.24070760 16.58747397 
7.25049234 16.61329179 
7.26027708 16.63911327 
7.27006182 16.66493842 
7.27984656 16.69076723 
7.28963130 16.71659969 
7.29941604 16.74243579 
7.30920078 16.76827553 
7.31898552 16.79411890 
7.32877026 16.81996589 
7.33855500 16.84581650 
7.34833974 16.87167073 
7.35812448 16.89752855 
7.36790922 16.92338998 
7.37769396 16.94925500 
7.38747870 16.97512360 
7.39726344 17.00099579 
7.40704818 17.02687154 
7.41683292 17.05275086 
7.42661766 17.07863375 
7.43640240 17.10452018 
7.44618714 17.13041017 
7.45597188 17.15630369 
7.46575662 17.18220075 
7.47554136 17.20810134 
7.48532610 17.23400545 
7.49511084 17.25991308 
7.50489558 17.28582422 
7.51468032 17.31173886 
7.52446506 17.33765700 
7.53424980 17.36357863 
7.54403454 17.38950375 
7.55381928 17.41543234 
7.56360402 17.44136441 
7.57338876 17.46729995 
7.58317350 17.49323895 
7.59295824 17.51918141 
7.60274298 17.54512731 
7.61252772 17.57107666 
7.62231246 17.59702944 
7.63209720 17.62298566 
7.64188194 17.64894530 
7.65166668 17.67490836 
7.66145142 17.70087483 
7.67123616 17.72684471 
7.68102090 17.75281800 
7.69080564 17.77879468 
7.70059038 17.80477475 
7.71037512 17.83075820 
7.72015986 17.85674504 
7.72994460 17.88273524 
7.73972934 17.90872882 
7.74951408 17.93472575 
7.75929882 17.96072604 
7.76908356 17.98672968 
7.77886830 18.01273667 
7.78865304 18.03874699 
7.79843778 18.06476065 
7.80822252 18.09077763 
7.81800726 18.11679794 
7.82779200 18.14282156 
7.83757674 18.16884849 
7.84736148 18.19487873 
7.85714622 18.22091226 
7.86693096 18.24694909 
7.87671570 18.27298921 
7.88650044 18.29903261 
7.89628518 18.32507929 
7.90606992 18.35112923 
7.91585466 18.37718245 
7.92563940 18.40323893 
7.93542414 18.42929866 
7.94520888 18.45536164 
7.95499362 18.48142786 
7.96477836 18.50749733 
7.97456310 18.53357002 
7.98434784 18.55964595 
7.99413258 18.58572510 
8.00391732 18.61180747 
8.01370206 18.63789305 
8.02348680 18.66398183 
8.03327154 18.69007382 
8.04305628 18.71616900 
8.05284102 18.74226738 
8.06262576 18.76836894 
8.07241050 18.79447368 
8.08219524 18.82058160 
8.09197998 18.84669268 
8.10176472 18.87280694 
8.11154946 18.89892435 
8.12133420 18.92504491 
8.13111894 18.95116863 
8.14090368 18.97729549 
8.15068842 19.00342549 
8.16047316 19.02955863 
8.17025790 19.05569489 
8.18004264 19.08183428 
8.18982738 19.10797678 
8.19961212 19.13412240 
8.20939686 19.16027113 
8.21918160 19.18642296 
8.22896634 19.21257790 
8.23875108 19.23873592 
8.24853582 19.26489703 
8.25832056 19.29106123 
8.26810530 19.31722851 
8.27789004 19.34339886 
8.28767478 19.36957228 
8.29745952 19.39574876 
8.30724426 19.42192831 
8.31702900 19.44811091 
8.32681374 19.47429655 
8.33659848 19.50048524 
8.34638322 19.52667698 
8.35616796 19.55287174 
8.36595270 19.57906954 
8.37573744 19.60527036 
8.38552218 19.63147420 
8.39530692 19.65768106 
8.40509166 19.68389093 
8.41487640 19.71010380 
8.42466114 19.73631968 
8.43444588 19.76253855 
8.44423062 19.78876042 
8.45401536 19.81498527 
8.46380010 19.84121311 
8.47358484 19.86744392 
8.48336958 19.89367770 
8.49315432 19.91991446 
8.50293906 19.94615418 
8.51272380 19.97239685 
8.52250854 19.99864249 
8.53229328 20.02489107 
8.54207802 20.05114260 
8.55186276 20.07739706 
8.56164750 20.10365447 
8.57143224 20.12991481 
8.58121698 20.15617807 
8.59100172 20.18244426 
8.60078646 20.20871336 
8.61057120 20.23498538 
8.62035594 20.26126030 
8.63014068 20.28753814 
8.63992542 20.31381887 
8.64971016 20.34010249 
8.65949490 20.36638901 
8.66927964 20.39267842 
8.67906438 20.41897071 
8.68884912 20.44526587 
8.69863386 20.47156391 
8.70841860 20.49786482 
8.71820334 20.52416859 
8.72798808 20.55047522 
8.73777282 20.57678471 
8.74755756 20.60309705 
8.75734230 20.62941224 
8.76712704 20.65573027 
8.77691178 20.68205114 
8.78669652 20.70837484 
8.79648126 20.73470137 
8.80626600 20.76103073 
8.81605074 20.78736291 
8.82583548 20.81369791 
8.83562022 20.84003572 
8.84540496 20.86637634 
8.85518970 20.89271976 
8.86497444 20.91906598 
8.87475918 20.94541500 
8.88454392 20.97176681 
8.89432866 20.99812141 
8.90411340 21.02447879 
8.91389814 21.05083895 
8.92368288 21.07720189 
8.93346762 21.10356760 
8.94325236 21.12993607 
8.95303710 21.15630731 
8.96282184 21.18268130 
8.97260658 21.20905805 
8.98239132 21.23543755 
8.99217606 21.26181980 
9.00196080 21.28820478 
9.01174554 21.31459251 
9.02153028 21.34098297 
9.03131502 21.36737616 
9.04109976 21.39377208 
9.05088450 21.42017071 
9.06066924 21.44657207 
9.07045398 21.47297614 
9.08023872 21.49938292 
9.09002346 21.52579240 
9.09980820 21.55220459 
9.10959294 21.57861948 
9.11937768 21.60503705 
9.12916242 21.63145732 
9.13894716 21.65788028 
9.14873190 21.68430592 
9.15851664 21.71073423 
9.16830138 21.73716522 
9.17808612 21.76359888 
9.18787086 21.79003521 
9.19765560 21.81647420 
9.20744034 21.84291585 
9.21722508 21.86936015 
9.22700982 21.89580711 
9.23679456 21.92225671 
9.24657930 21.94870895 
9.25636404 21.97516384 
9.26614878 22.00162136 
9.27593352 22.02808151 
9.28571826 22.05454429 
9.29550300 22.08100970 
9.30528774 22.10747772 
9.31507248 22.13394836 
9.32485722 22.16042162 
9.33464196 22.18689748 
9.34442670 22.21337595 
9.35421144 22.23985703 
9.36399618 22.26634070 
9.37378092 22.29282696 
9.38356566 22.31931582 
9.39335040 22.34580726 
9.40313514 22.37230129 
9.41291988 22.39879789 
9.42270462 22.42529707 
9.43248936 22.45179883 
9.44227410 22.47830315 
9.45205884 22.50481004 
9.46184358 22.53131948 
9.47162832 22.55783149 
9.48141306 22.58434605 
9.49119780 22.61086316 
9.50098254 22.63738282 
9.51076728 22.66390502 
9.52055202 22.69042976 
9.53033676 22.71695704 
9.54012150 22.74348685 
9.54990624 22.77001919 
9.55969098 22.79655405 
9.56947572 22.82309144 
9.57926046 22.84963135 
9.58904520 22.87617376 
9.59882994 22.90271870 
9.60861468 22.92926613 
9.61839942 22.95581608 
9.62818416 22.98236852 
9.63796890 23.00892346 
9.64775364 23.03548090 
9.65753838 23.06204082 
9.66732312 23.08860324 
9.67710786 23.11516813 
9.68689260 23.14173551 
9.69667734 23.16830536 
9.70646208 23.19487769 
9.71624682 23.22145248 
9.72603156 23.24802975 
9.73581630 23.27460947 
9.74560104 23.30119166 
9.75538578 23.32777630 
9.76517052 23.35436339 
9.77495526 23.38095293 
9.78474000 23.40754492 
9.79452474 23.43413936 
9.80430948 23.46073623 
9.81409422 23.48733553 
9.82387896 23.51393727 
9.83366370 23.54054144 
9.84344844 23.56714804 
9.85323318 23.59375706 
9.86301792 23.62036850 
9.87280266 23.64698235 
9.88258740 23.67359862 
9.89237214 23.70021729 
9.90215688 23.72683837 
9.91194162 23.75346186 
9.92172636 23.78008775 
9.93151110 23.80671603 
9.94129584 23.83334670 
9.95108058 23.85997977 
9.96086532 23.88661522 
9.97065006 23.91325305 
9.98043480 23.93989327 
9.99021954 23.96653586 
10.00000428 23.99318083 
10.00978902 24.01982817 
10.01957376 24.04647787 
10.02935850 24.07312994 
10.03914324 24.09978437 
10.04892798 24.12644116 
10.05871272 24.15310030 
10.06849746 24.17976180 
10.07828220 24.20642564 
10.08806694 24.23309183 
10.09785168 24.25976037 
10.10763642 24.28643124 
10.11742116 24.31310444 
10.12720590 24.33977998 
10.13699064 24.36645785 
10.14677538 24.39313805 
10.15656012 24.41982057 
10.16634486 24.44650541 
10.17612960 24.47319257 
10.18591434 24.49988204 
10.19569908 24.52657383 
10.20548382 24.55326792 
10.21526856 24.57996432 
10.22505330 24.60666302 
10.23483804 24.63336402 
10.24462278 24.66006732 
10.25440752 24.68677291 
10.26419226 24.71348079 
10.27397700 24.74019095 
10.28376174 24.76690340 
10.29354648 24.79361813 
10.30333122 24.82033515 
10.31311596 24.84705443 
10.32290070 24.87377599 
10.33268544 24.90049982 
10.34247018 24.92722591 
10.35225492 24.95395427 
10.36203966 24.98068488 
10.37182440 25.00741776 
10.38160914 25.03415289 
10.39139388 25.06089027 
10.40117862 25.08762990 
10.41096336 25.11437177 
10.42074810 25.14111589 
10.43053284 25.16786225 
10.44031758 25.19461084 
10.45010232 25.22136167 
10.45988706 25.24811473 
10.46967180 25.27487002 
10.47945654 25.30162754 
10.48924128 25.32838727 
10.49902602 25.35514923 
10.50881076 25.38191341 
10.51859550 25.40867979 
10.52838024 25.43544839 
10.53816498 25.46221920 
10.54794972 25.48899221 
10.55773446 25.51576743 
10.56751920 25.54254485 
10.57730394 25.56932446 
10.58708868 25.59610627 
10.59687342 25.62289027 
10.60665816 25.64967646 
10.61644290 25.67646483 
10.62622764 25.70325539 
10.63601238 25.73004812 
10.64579712 25.75684304 
10.65558186 25.78364013 
10.66536660 25.81043939 
10.67515134 25.83724082 
10.68493608 25.86404442 
10.69472082 25.89085019 
10.70450556 25.91765811 
10.71429030 25.94446819 
10.72407504 25.97128043 
10.73385978 25.99809482 
10.74364452 26.02491136 
10.75342926 26.05173005 
10.76321400 26.07855088 
10.77299874 26.10537386 
10.78278348 26.13219897 
10.79256822 26.15902622 
10.80235296 26.18585561 
10.81213770 26.21268713 
10.82192244 26.23952077 
10.83170718 26.26635655 
10.84149192 26.29319444 
10.85127666 26.32003446 
10.86106140 26.34687659 
10.87084614 26.37372084 
10.88063088 26.40056721 
10.89041562 26.42741568 
10.90020036 26.45426626 
10.90998510 26.48111895 
10.91976984 26.50797374 
10.92955458 26.53483063 
10.93933932 26.56168961 
10.94912406 26.58855069 
10.95890880 26.61541387 
10.96869354 26.64227913 
10.97847828 26.66914648 
10.98826302 26.69601591 
10.99804776 26.72288743 
11.00783250 26.74976102 
11.01761724 26.77663669 
11.02740198 26.80351444 
11.03718672 26.83039425 
11.04697146 26.85727614 
11.05675620 26.88416009 
11.06654094 26.91104611 
11.07632568 26.93793418 
11.08611042 26.96482432 
11.09589516 26.99171651 
11.10567990 27.01861076 
11.11546464 27.04550706 
11.12524938 27.07240540 
11.13503412 27.09930580 
11.14481886 27.12620823 
11.15460360 27.15311271 
11.16438834 27.18001923 
11.17417308 27.20692778 
11.18395782 27.23383837 
11.19374256 27.26075099 
11.20352730 27.28766564 
11.21331204 27.31458231 
11.22309678 27.34150101 
11.23288152 27.36842173 
11.24266626 27.39534447 
11.25245100 27.42226923 
11.26223574 27.44919600 
11.27202048 27.47612478 
11.28180522 27.50305557 
11.29158996 27.52998837 
11.30137470 27.55692318 
11.31115944 27.58385998 
11.32094418 27.61079879 
11.33072892 27.63773959 
11.34051366 27.66468239 
11.35029840 27.69162719 
11.36008314 27.71857397 
11.36986788 27.74552274 
11.37965262 27.77247349 
11.38943736 27.79942623 
11.39922210 27.82638095 
11.40900684 27.85333765 
11.41879158 27.88029632 
11.42857632 27.90725697 
11.43836106 27.93421959 
11.44814580 27.96118418 
11.45793054 27.98815074 
11.46771528 28.01511926 
11.47750002 28.04208974 
11.48728476 28.06906218 
11.49706950 28.09603658 
11.50685424 28.12301294 
11.51663898 28.14999124 
11.52642372 28.17697150 
11.53620846 28.20395371 
11.54599320 28.23093786 
11.55577794 28.25792396 
11.56556268 28.28491199 
11.57534742 28.31190197 
11.58513216 28.33889388 
11.59491690 28.36588773 
11.60470164 28.39288351 
11.61448638 28.41988122 
11.62427112 28.44688086 
11.63405586 28.47388243 
11.64384060 28.50088591 
11.65362534 28.52789132 
11.66341008 28.55489865 
11.67319482 28.58190789 
11.68297956 28.60891905 
11.69276430 28.63593212 
11.70254904 28.66294710 
11.71233378 28.68996399 
11.72211852 28.71698278 
11.73190326 28.74400348 
11.74168800 28.77102607 
11.75147274 28.79805057 
11.76125748 28.82507696 
11.77104222 28.85210525 
11.78082696 28.87913543 
11.79061170 28.90616750 
11.80039644 28.93320146 
11.81018118 28.96023730 
11.81996592 28.98727503 
11.82975066 29.01431464 
11.83953540 29.04135612 
11.84932014 29.06839949 
11.85910488 29.09544473 
11.86888962 29.12249184 
11.87867436 29.14954082 
11.88845910 29.17659167 
11.89824384 29.20364439 
11.90802858 29.23069897 
11.91781332 29.25775542 
11.92759806 29.28481372 
11.93738280 29.31187388 
11.94716754 29.33893590 
11.95695228 29.36599977 
11.96673702 29.39306549 
11.97652176 29.42013307 
11.98630650 29.44720248 
11.99609124 29.47427375 
12.00587598 29.50134686 
12.01566072 29.52842180 
12.02544546 29.55549859 
12.03523020 29.58257722 
12.04501494 29.60965768 
12.05479968 29.63673997 
12.06458442 29.66382409 
12.07436916 29.69091004 
12.08415390 29.71799782 
12.09393864 29.74508742 
12.10372338 29.77217884 
12.11350812 29.79927209 
12.12329286 29.82636715 
12.13307760 29.85346403 
12.14286234 29.88056272 
12.15264708 29.90766322 
12.16243182 29.93476554 
12.17221656 29.96186966 
12.18200130 29.98897559 
12.19178604 30.01608333 
12.20157078 30.04319286 
12.21135552 30.07030420 
12.22114026 30.09741733 
12.23092500 30.12453226 
12.24070974 30.15164898 
12.25049448 30.17876750 
12.26027922 30.20588780 
12.27006396 30.23300990 
12.27984870 30.26013377 
12.28963344 30.28725944 
12.29941818 30.31438688 
12.30920292 30.34151611 
12.31898766 30.36864711 
12.32877240 30.39577989 
12.33855714 30.42291445 
12.34834188 30.45005077 
12.35812662 30.47718887 
12.36791136 30.50432873 
12.37769610 30.53147036 
12.38748084 30.55861376 
12.39726558 30.58575892 
12.40705032 30.61290584 
12.41683506 30.64005451 
12.42661980 30.66720495 
12.43640454 30.69435713 
12.44618928 30.72151108 
12.45597402 30.74866677 
12.46575876 30.77582421 
12.47554350 30.80298340 
12.48532824 30.83014433 
12.49511298 30.85730701 
12.50489772 30.88447142 
12.51468246 30.91163758 
12.52446720 30.93880548 
12.53425194 30.96597511 
12.54403668 30.99314647 
12.55382142 31.02031957 
12.56360616 31.04749439 
12.57339090 31.07467095 
12.58317564 31.10184923 
12.59296038 31.12902923 
12.60274512 31.15621096 
12.61252986 31.18339441 
12.62231460 31.21057957 
12.63209934 31.23776646 
12.64188408 31.26495506 
12.65166882 31.29214537 
12.66145356 31.31933739 
12.67123830 31.34653112 
12.68102304 31.37372656 
12.69080778 31.40092371 
12.70059252 31.42812256 
12.71037726 31.45532311 
12.72016200 31.48252536 
12.72994674 31.50972931 
12.73973148 31.53693496 
12.74951622 31.56414230 
12.75930096 31.59135134 
12.76908570 31.61856206 
12.77887044 31.64577448 
12.78865518 31.67298858 
12.79843992 31.70020437 
12.80822466 31.72742185 
12.81800940 31.75464100 
12.82779414 31.78186184 
12.83757888 31.80908435 
12.84736362 31.83630854 
12.85714836 31.86353441 
12.86693310 31.89076195 
12.87671784 31.91799116 
12.88650258 31.94522204 
12.89628732 31.97245459 
12.90607206 31.99968880 
12.91585680 32.02692468 
12.92564154 32.05416222 
12.93542628 32.08140142 
12.94521102 32.10864229 
12.95499576 32.13588481 
12.96478050 32.16312898 
12.97456524 32.19037481 
12.98434998 32.21762229 
12.99413472 32.24487142 
13.00391946 32.27212220 
13.01370420 32.29937463 
13.02348894 32.32662870 
13.03327368 32.35388441 
13.04305842 32.38114177 
13.05284316 32.40840077 
13.06262790 32.43566140 
13.07241264 32.46292367 
13.08219738 32.49018758 
13.09198212 32.51745312 
13.10176686 32.54472029 
13.11155160 32.57198909 
13.12133634 32.59925952 
13.13112108 32.62653157 
13.14090582 32.65380525 
13.15069056 32.68108056 
13.16047530 32.70835748 
13.17026004 32.73563602 
13.18004478 32.76291619 
13.18982952 32.79019796 
13.19961426 32.81748135 
13.20939900 32.84476636 
13.21918374 32.87205298 
13.22896848 32.89934120 
13.23875322 32.92663103 
13.24853796 32.95392247 
13.25832270 32.98121552 
13.26810744 33.00851017 
13.27789218 33.03580641 
13.28767692 33.06310426 
13.29746166 33.09040371 
13.30724640 33.11770475 
13.31703114 33.14500738 
13.32681588 33.17231161 
13.33660062 33.19961743 
13.34638536 33.22692484 
13.35617010 33.25423384 
13.36595484 33.28154443 
13.37573958 33.30885660 
13.38552432 33.33617035 
13.39530906 33.36348569 
13.40509380 33.39080260 
13.41487854 33.41812109 
13.42466328 33.44544116 
13.43444802 33.47276281 
13.44423276 33.50008602 
13.45401750 33.52741081 
13.46380224 33.55473717 
13.47358698 33.58206510 
13.48337172 33.60939460 
13.49315646 33.63672566 
13.50294120 33.66405829 
13.51272594 33.69139247 
13.52251068 33.71872822 
13.53229542 33.74606553 
13.54208016 33.77340439 
13.55186490 33.80074482 
13.56164964 33.82808679 
13.57143438 33.85543032 
13.58121912 33.88277540 
13.59100386 33.91012203 
13.60078860 33.93747021 
13.61057334 33.96481993 
13.62035808 33.99217120 
13.63014282 34.01952401 
13.63992756 34.04687837 
13.64971230 34.07423426 
13.65949704 34.10159169 
13.66928178 34.12895067 
13.67906652 34.15631117 
13.68885126 34.18367321 
13.69863600 34.21103679 
13.70842074 34.23840189 
13.71820548 34.26576853 
13.72799022 34.29313669 
13.73777496 34.32050638 
13.74755970 34.34787759 
13.75734444 34.37525033 
13.76712918 34.40262459 
13.77691392 34.43000037 
13.78669866 34.45737767 
13.79648340 34.48475648 
13.80626814 34.51213681 
13.81605288 34.53951866 
13.82583762 34.56690202 
13.83562236 34.59428689 
13.84540710 34.62167327 
13.85519184 34.64906116 
13.86497658 34.67645055 
13.87476132 34.70384146 
13.88454606 34.73123386 
13.89433080 34.75862777 
13.90411554 34.78602318 
13.91390028 34.81342008 
13.92368502 34.84081849 
13.93346976 34.86821839 
13.94325450 34.89561979 
13.95303924 34.92302268 
13.96282398 34.95042706 
13.97260872 34.97783294 
13.98239346 35.00524030 
13.99217820 35.03264915 
14.00196294 35.06005949 
14.01174768 35.08747131 
14.02153242 35.11488461 
14.03131716 35.14229940 
14.04110190 35.16971567 
14.05088664 35.19713341 
14.06067138 35.22455264 
14.07045612 35.25197333 
14.08024086 35.27939551 
14.09002560 35.30681916 
14.09981034 35.33424427 
14.10959508 35.36167086 
14.11937982 35.38909892 
14.12916456 35.41652845 
14.13894930 35.44395944 
14.14873404 35.47139190 
14.15851878 35.49882581 
14.16830352 35.52626120 
14.17808826 35.55369804 
14.18787300 35.58113634 
14.19765774 35.60857610 
14.20744248 35.63601731 
14.21722722 35.66345998 
14.22701196 35.69090410 
14.23679670 35.71834967 
14.24658144 35.74579670 
14.25636618 35.77324517 
14.26615092 35.80069509 
14.27593566 35.82814646 
14.28572040 35.85559927 
14.29550514 35.88305353 
14.30528988 35.91050922 
14.31507462 35.93796636 
14.32485936 35.96542494 
14.33464410 35.99288495 
14.34442884 36.02034641 
14.35421358 36.04780929 
14.36399832 36.07527361 
14.37378306 36.10273937 
14.38356780 36.13020655 
14.39335254 36.15767517 
14.40313728 36.18514521 
14.41292202 36.21261668 
14.42270676 36.24008957 
14.43249150 36.26756389 
14.44227624 36.29503963 
14.45206098 36.32251680 
14.46184572 36.34999538 
14.47163046 36.37747538 
14.48141520 36.40495680 
14.49119994 36.43243964 
14.50098468 36.45992389 
14.51076942 36.48740956 
14.52055416 36.51489663 
14.53033890 36.54238512 
14.54012364 36.56987502 
14.54990838 36.59736632 
14.55969312 36.62485903 
14.56947786 36.65235315 
14.57926260 36.67984867 
14.58904734 36.70734559 
14.59883208 36.73484392 
14.60861682 36.76234364 
14.61840156 36.78984477 
14.62818630 36.81734729 
14.63797104 36.84485121 
14.64775578 36.87235652 
14.65754052 36.89986322 
14.66732526 36.92737132 
14.67711000 36.95488081 
14.68689474 36.98239169 
14.69667948 37.00990396 
14.70646422 37.03741761 
14.71624896 37.06493265 
14.72603370 37.09244907 
14.73581844 37.11996688 
14.74560318 37.14748607 
14.75538792 37.17500664 
14.76517266 37.20252859 
14.77495740 37.23005191 
14.78474214 37.25757662 
14.79452688 37.28510270 
14.80431162 37.31263015 
14.81409636 37.34015898 
14.82388110 37.36768917 
14.83366584 37.39522074 
14.84345058 37.42275368 
14.85323532 37.45028798 
14.86302006 37.47782365 
14.87280480 37.50536069 
14.88258954 37.53289909 
14.89237428 37.56043885 
14.90215902 37.58797997 
14.91194376 37.61552245 
14.92172850 37.64306630 
14.93151324 37.67061150 
14.94129798 37.69815805 
14.95108272 37.72570597 
14.96086746 37.75325523 
14.97065220 37.78080585 
14.98043694 37.80835782 
14.99022168 37.83591114 
15.00000642 37.86346581 
15.00979116 37.89102182 
15.01957590 37.91857919 
15.02936064 37.94613789 
15.03914538 37.97369794 
15.04893012 38.00125934 
15.05871486 38.02882207 
15.06849960 38.05638615 
15.07828434 38.08395157 
15.08806908 38.11151832 
15.09785382 38.13908641 
15.10763856 38.16665583 
15.11742330 38.19422659 
15.12720804 38.22179868 
15.13699278 38.24937211 
15.14677752 38.27694686 
15.15656226 38.30452294 
15.16634700 38.33210035 
15.17613174 38.35967909 
15.18591648 38.38725915 
15.19570122 38.41484054 
15.20548596 38.44242325 
15.21527070 38.47000729 
15.22505544 38.49759264 
15.23484018 38.52517931 
15.24462492 38.55276731 
15.25440966 38.58035662 
15.26419440 38.60794724 
15.27397914 38.63553918 
15.28376388 38.66313243 
15.29354862 38.69072700 
15.30333336 38.71832288 
15.31311810 38.74592007 
15.32290284 38.77351856 
15.33268758 38.80111837 
15.34247232 38.82871948 
15.35225706 38.85632189 
15.36204180 38.88392561 
15.37182654 38.91153064 
15.38161128 38.93913696 
15.39139602 38.96674459 
15.40118076 38.99435351 
15.41096550 39.02196374 
15.42075024 39.04957526 
15.43053498 39.07718808 
15.44031972 39.10480219 
15.45010446 39.13241759 
15.45988920 39.16003429 
15.46967394 39.18765228 
15.47945868 39.21527156 
15.48924342 39.24289213 
15.49902816 39.27051399 
15.50881290 39.29813713 
15.51859764 39.32576156 
15.52838238 39.35338728 
15.53816712 39.38101427 
15.54795186 39.40864255 
15.55773660 39.43627211 
15.56752134 39.46390295 
15.57730608 39.49153507 
15.58709082 39.51916847 
15.59687556 39.54680314 
15.60666030 39.57443909 
15.61644504 39.60207632 
15.62622978 39.62971481 
15.63601452 39.65735458 
15.64579926 39.68499562 
15.65558400 39.71263793 
15.66536874 39.74028151 
15.67515348 39.76792635 
15.68493822 39.79557247 
15.69472296 39.82321984 
15.70450770 39.85086848 
15.71429244 39.87851839 
15.72407718 39.90616956 
15.73386192 39.93382198 
15.74364666 39.96147567 
15.75343140 39.98913062 
15.76321614 40.01678682 
15.77300088 40.04444428 
15.78278562 40.07210299 
15.79257036 40.09976296 
15.80235510 40.12742418 
15.81213984 40.15508666 
15.82192458 40.18275038 
15.83170932 40.21041536 
15.84149406 40.23808158 
15.85127880 40.26574905 
15.86106354 40.29341777 
15.87084828 40.32108774 
15.88063302 40.34875894 
15.89041776 40.37643140 
15.90020250 40.40410509 
15.90998724 40.43178002 
15.91977198 40.45945620 
15.92955672 40.48713361 
15.93934146 40.51481226 
15.94912620 40.54249215 
15.95891094 40.57017328 
15.96869568 40.59785564 
15.97848042 40.62553923 
15.98826516 40.65322405 
15.99804990 40.68091011 
16.00783464 40.70859740 
16.01761938 40.73628591 
16.02740412 40.76397566 
16.03718886 40.79166663 
16.04697360 40.81935883 
16.05675834 40.84705225 
16.06654308 40.87474690 
16.07632782 40.90244277 
16.08611256 40.93013986 
16.09589730 40.95783817 
16.10568204 40.98553771 
16.11546678 41.01323846 
16.12525152 41.04094043 
16.13503626 41.06864362 
16.14482100 41.09634802 
16.15460574 41.12405363 
16.16439048 41.15176046 
16.17417522 41.17946851 
16.18395996 41.20717776 
16.19374470 41.23488823 
16.20352944 41.26259990 
16.21331418 41.29031278 
16.22309892 41.31802687 
16.23288366 41.34574217 
16.24266840 41.37345867 
16.25245314 41.40117638 
16.26223788 41.42889528 
16.27202262 41.45661540 
16.28180736 41.48433671 
16.29159210 41.51205922 
16.30137684 41.53978293 
16.31116158 41.56750784 
16.32094632 41.59523395 
16.33073106 41.62296125 
16.34051580 41.65068975 
16.35030054 41.67841944 
16.36008528 41.70615033 
16.36987002 41.73388241 
16.37965476 41.76161567 
16.38943950 41.78935013 
16.39922424 41.81708578 
16.40900898 41.84482262 
16.41879372 41.87256064 
16.42857846 41.90029985 
16.43836320 41.92804024 
16.44814794 41.95578182 
16.45793268 41.98352458 
16.46771742 42.01126852 
16.47750216 42.03901365 
16.48728690 42.06675995 
16.49707164 42.09450743 
16.50685638 42.12225609 
16.51664112 42.15000593 
16.52642586 42.17775695 
16.53621060 42.20550913 
16.54599534 42.23326250 
16.55578008 42.26101703 
16.56556482 42.28877274 
16.57534956 42.31652962 
16.58513430 42.34428767 
16.59491904 42.37204689 
16.60470378 42.39980728 
16.61448852 42.42756883 
16.62427326 42.45533155 
16.63405800 42.48309544 
16.64384274 42.51086049 
16.65362748 42.53862670 
16.66341222 42.56639408 
16.67319696 42.59416262 
16.68298170 42.62193231 
16.69276644 42.64970317 
16.70255118 42.67747519 
16.71233592 42.70524836 
16.72212066 42.73302269 
16.73190540 42.76079818 
16.74169014 42.78857482 
16.75147488 42.81635261 
16.76125962 42.84413156 
16.77104436 42.87191166 
16.78082910 42.89969291 
16.79061384 42.92747531 
16.80039858 42.95525886 
16.81018332 42.98304355 
16.81996806 43.01082939 
16.82975280 43.03861638 
16.83953754 43.06640452 
16.84932228 43.09419380 
16.85910702 43.12198422 
16.86889176 43.14977579 
16.87867650 43.17756849 
16.88846124 43.20536234 
16.89824598 43.23315732 
16.90803072 43.26095345 
16.91781546 43.28875071 
16.92760020 43.31654911 
16.93738494 43.34434864 
16.94716968 43.37214931 
16.95695442 43.39995112 
16.96673916 43.42775405 
16.97652390 43.45555812 
16.98630864 43.48336332 
16.99609338 43.51116965 
17.00587812 43.53897711 
17.01566286 43.56678570 
17.02544760 43.59459541 
17.03523234 43.62240626 
17.04501708 43.65021822 
17.05480182 43.67803132 
17.06458656 43.70584553 
17.07437130 43.73366087 
17.08415604 43.76147733 
17.09394078 43.78929491 
17.10372552 43.81711361 
17.11351026 43.84493344 
17.12329500 43.87275437 
17.13307974 43.90057643 
17.14286448 43.92839960 
17.15264922 43.95622389 
17.16243396 43.98404930 
17.17221870 44.01187581 
17.18200344 44.03970344 
17.19178818 44.06753219 
17.20157292 44.09536204 
17.21135766 44.12319300 
17.22114240 44.15102508 
17.23092714 44.17885826 
17.24071188 44.20669255 
17.25049662 44.23452794 
17.26028136 44.26236444 
17.27006610 44.29020205 
17.27985084 44.31804076 
17.28963558 44.34588057 
17.29942032 44.37372149 
17.30920506 44.40156350 
17.31898980 44.42940662 
17.32877454 44.45725084 
17.33855928 44.48509615 
17.34834402 44.51294256 
17.35812876 44.54079007 
17.36791350 44.56863868 
17.37769824 44.59648838 
17.38748298 44.62433917 
17.39726772 44.65219106 
17.40705246 44.68004404 
17.41683720 44.70789811 
17.42662194 44.73575328 
17.43640668 44.76360953 
17.44619142 44.79146687 
17.45597616 44.81932530 
17.46576090 44.84718482 
17.47554564 44.87504542 
17.48533038 44.90290711 
17.49511512 44.93076989 
17.50489986 44.95863375 
17.51468460 44.98649869 
17.52446934 45.01436471 
17.53425408 45.04223181 
17.54403882 45.07010000 
17.55382356 45.09796926 
17.56360830 45.12583960 
17.57339304 45.15371102 
17.58317778 45.18158352 
17.59296252 45.20945710 
17.60274726 45.23733174 
17.61253200 45.26520747 
17.62231674 45.29308427 
17.63210148 45.32096213 
17.64188622 45.34884108 
17.65167096 45.37672109 
17.66145570 45.40460217 
17.67124044 45.43248432 
17.68102518 45.46036754 
17.69080992 45.48825183 
17.70059466 45.51613719 
17.71037940 45.54402361 
17.72016414 45.57191109 
17.72994888 45.59979964 
17.73973362 45.62768926 
17.74951836 45.65557993 
17.75930310 45.68347167 
17.76908784 45.71136447 
17.77887258 45.73925833 
17.78865732 45.76715325 
17.79844206 45.79504923 
17.80822680 45.82294626 
17.81801154 45.85084435 
17.82779628 45.87874350 
17.83758102 45.90664370 
17.84736576 45.93454496 
17.85715050 45.96244727 
17.86693524 45.99035064 
17.87671998 46.01825505 
17.88650472 46.04616052 
17.89628946 46.07406703 
17.90607420 46.10197460 
17.91585894 46.12988322 
17.92564368 46.15779288 
17.93542842 46.18570359 
17.94521316 46.21361534 
17.95499790 46.24152814 
17.96478264 46.26944199 
17.97456738 46.29735688 
17.98435212 46.32527281 
17.99413686 46.35318979 
18.00392160 46.38110780 
18.01370634 46.40902686 
18.02349108 46.43694695 
18.03327582 46.46486809 
18.04306056 46.49279026 
18.05284530 46.52071347 
18.06263004 46.54863772 
18.07241478 46.57656300 
18.08219952 46.60448932 
18.09198426 46.63241667 
18.10176900 46.66034505 
18.11155374 46.68827447 
18.12133848 46.71620492 
18.13112322 46.74413640 
18.14090796 46.77206891 
18.15069270 46.80000245 
18.16047744 46.82793702 
18.17026218 46.85587261 
18.18004692 46.88380924 
18.18983166 46.91174688 
18.19961640 46.93968556 
18.20940114 46.96762526 
18.21918588 46.99556598 
18.22897062 47.02350773 
18.23875536 47.05145049 
18.24854010 47.07939428 
18.25832484 47.10733909 
18.26810958 47.13528492 
18.27789432 47.16323177 
18.28767906 47.19117964 
18.29746380 47.21912853 
18.30724854 47.24707843 
18.31703328 47.27502935 
18.32681802 47.30298128 
18.33660276 47.33093423 
18.34638750 47.35888819 
18.35617224 47.38684317 
18.36595698 47.41479915 
18.37574172 47.44275615 
18.38552646 47.47071416 
18.39531120 47.49867318 
18.40509594 47.52663321 
18.41488068 47.55459424 
18.42466542 47.58255629 
18.43445016 47.61051934 
18.44423490 47.63848340 
18.45401964 47.66644846 
18.46380438 47.69441452 
18.47358912 47.72238160 
18.48337386 47.75034967 
18.49315860 47.77831874 
18.50294334 47.80628882 
18.51272808 47.83425990 
18.52251282 47.86223198 
18.53229756 47.89020506 
18.54208230 47.91817913 
18.55186704 47.94615421 
18.56165178 47.97413028 
18.57143652 48.00210734 
18.58122126 48.03008541 
18.59100600 48.05806446 
18.60079074 48.08604452 
18.61057548 48.11402556 
18.62036022 48.14200760 
18.63014496 48.16999063 
18.63992970 48.19797465 
18.64971444 48.22595966 
18.65949918 48.25394566 
18.66928392 48.28193265 
18.67906866 48.30992062 
18.68885340 48.33790959 
18.69863814 48.36589954 
18.70842288 48.39389047 
18.71820762 48.42188240 
18.72799236 48.44987530 
18.73777710 48.47786919 
18.74756184 48.50586407 
18.75734658 48.53385992 
18.76713132 48.56185676 
18.77691606 48.58985457 
18.78670080 48.61785337 
18.79648554 48.64585315 
18.80627028 48.67385390 
18.81605502 48.70185564 
18.82583976 48.72985835 
18.83562450 48.75786203 
18.84540924 48.78586670 
18.85519398 48.81387233 
18.86497872 48.84187894 
18.87476346 48.86988653 
18.88454820 48.89789509 
18.89433294 48.92590462 
18.90411768 48.95391512 
18.91390242 48.98192659 
18.92368716 49.00993903 
18.93347190 49.03794953 
18.94325664 49.06596682 
18.95304138 49.09398217 
18.96282612 49.12199848 
18.97261086 49.15001576 
18.98239560 49.17803401 
18.99218034 49.20605322 
19.00196508 49.23407340 
19.01174982 49.26209453 
19.02153456 49.29011664 
19.03131930 49.31813970 
19.04110404 49.34616372 
19.05088878 49.37418871 
19.06067352 49.40221466 
19.07045826 49.43024156 
19.08024300 49.45826942 
19.09002774 49.48629825 
19.09981248 49.51432802 
19.10959722 49.54235876 
19.11938196 49.57039045 
19.12916670 49.59842310 
19.13895144 49.62645670 
19.14873618 49.65449125 
19.15852092 49.68252676 
19.16830566 49.71056322 
19.17809040 49.73860063 
19.18787514 49.76663899 
19.19765988 49.79467830 
19.20744462 49.82271856 
19.21722936 49.85075977 
19.22701410 49.87880193 
19.23679884 49.90684504 
19.24658358 49.93488909 
19.25636832 49.96293409 
19.26615306 49.99098003 
19.27593780 50.01902692 
19.28572254 50.04707475 
19.29550728 50.07512353 
19.30529202 50.10317325 
19.31507676 50.13122391 
19.32486150 50.15927551 
19.33464624 50.18732805 
19.34443098 50.21538154 
19.35421572 50.24343596 
19.36400046 50.27149132 
19.37378520 50.29954762 
19.38356994 50.32760485 
19.39335468 50.35566302 
19.40313942 50.38372213 
19.41292416 50.41178217 
19.42270890 50.43984315 
19.43249364 50.46790506 
19.44227838 50.49596791 
19.45206312 50.52403168 
19.46184786 50.55209639 
19.47163260 50.58016203 
19.48141734 50.60822860 
19.49120208 50.63629610 
19.50098682 50.66436453 
19.51077156 50.69243389 
19.52055630 50.72050418 
19.53034104 50.74857539 
19.54012578 50.77664753 
19.54991052 50.80472060 
19.55969526 50.83279459 
19.56948000 50.86086950 
19.57926474 50.88894534 
19.58904948 50.91702210 
19.59883422 50.94509979 
19.60861896 50.97317839 
19.61840370 51.00125792 
19.62818844 51.02933837 
19.63797318 51.05741974 
19.64775792 51.08550203 
19.65754266 51.11358523 
19.66732740 51.14166936 
19.67711214 51.16975440 
19.68689688 51.19784035 
19.69668162 51.22592723 
19.70646636 51.25401502 
19.71625110 51.28210372 
19.72603584 51.31019334 
19.73582058 51.33828387 
19.74560532 51.36637532 
19.75539006 51.39446767 
19.76517480 51.42256094 
19.77495954 51.45065512 
19.78474428 51.47875021 
19.79452902 51.50684620 
19.80431376 51.53494311 
19.81409850 51.56304093 
19.82388324 51.59113965 
19.83366798 51.61923928 
19.84345272 51.64733982 
19.85323746 51.67544126 
19.86302220 51.70354360 
19.87280694 51.73164686 
19.88259168 51.75975101 
19.89237642 51.78785607 
19.90216116 51.81596203 
19.91194590 51.84406889 
19.92173064 51.87217666 
19.93151538 51.90028532 
19.94130012 51.92839489 
19.95108486 51.95650535 
19.96086960 51.98461671 
19.97065434 52.01272897 
19.98043908 52.04084213 
19.99022382 52.06895618 
