1   0.0049995   0   29.9071   0   99   0
2   0.0151868   29.9071   60.7906   0   98   0.01
3   0.0235181   60.7906   75   0   97   0.02
4   0.0434495   75   179.716   2   97   0.02
5   0.0549608   179.716   150.307   2   94   0.06
6   0.0549608   150.307   179.716   2   95   0.05
7   0.0649661   179.716   208.918   2   94   0.06
8   0.0735274   208.918   225   2   93   0.07
9   0.0790391   225   237.915   3   93   0.07
10   0.0917554   237.915   295.314   3   92   0.08
11   0.102236   295.314   300   3   91   0.1
12   0.106101   300   323.723   4   91   0.1
13   0.120891   323.723   375   4   90   0.11
14   0.130838   375   379.978   5   90   0.11
15   0.13505   379.978   407.833   5   89   0.13
16   0.145054   407.833   435.51   5   88   0.14
17   0.152611   435.51   450   5   87   0.15
18   0.162481   450   490.347   6   87   0.15
19   0.175044   490.347   517.515   6   86   0.17
20   0.181456   517.515   525   6   85   0.18
21   0.191294   525   571.367   7   85   0.18
22   0.205013   571.367   598.057   7   84   0.2
23   0.210466   598.057   600   7   83   0.21
24   0.220292   600   650.987   8   83   0.21
25   0.234195   650.987   675   8   82   0.23
26   0.23959   675   677.232   9   82   0.23
27   0.249628   677.232   729.3   9   81   0.24
28   0.263153   729.3   750   9   80   0.26
29   0.268829   750   755.13   10   80   0.26
30   0.282482   755.13   825   10   79   0.27
31   0.298202   825   831.841   11   79   0.27
32   0.304948   831.841   857.163   11   78   0.3
33   0.317843   857.163   900   11   77   0.31
34   0.327719   900   907.451   12   77   0.31
35   0.338394   907.451   957.285   12   76   0.33
36   0.352981   957.285   975   12   75   0.35
37   0.357396   975   982.039   13   75   0.35
38   0.368194   982.039   1031.24   13   74   0.36
39   0.383795   1031.24   1050   13   73   0.38
40   0.393907   1050   1080.04   14   73   0.38
41   0.407646   1080.04   1125   14   72   0.4
42   0.417755   1125   1128.46   15   72   0.4
43   0.428829   1128.46   1176.53   15   71   0.42
44   0.444958   1176.53   1200   15   70   0.44
45   0.454952   1200   1224.25   16   70   0.44
46   0.470744   1224.25   1271.27   16   69   0.46
47   0.482208   1271.27   1275   16   68   0.48
48   0.492315   1275   1317.48   17   68   0.48
49   0.507216   1317.48   1350   17   67   0.5
50   0.51748   1350   1362.93   18   67   0.5
51   0.534093   1362.93   1425   18   66   0.52
52   0.550812   1425   1429.73   19   66   0.52
53   0.564937   1429.73   1495.01   19   65   0.55
54   0.582118   1495.01   1500   19   64   0.58
55   0.591972   1500   1537.72   20   64   0.58
56   0.61037   1537.72   1575   20   63   0.6
57   0.620275   1575   1579.84   21   63   0.6
58   0.630808   1579.84   1621.38   21   62   0.62
59   0.648218   1621.38   1650   21   61   0.64
60   0.668006   1650   1702.86   22   61   0.64
61   0.685943   1702.86   1725   22   60   0.68
62   0.695912   1725   1742.85   23   60   0.68
63   0.713921   1742.85   1800   23   59   0.7
64   0.72899   1800   1801.98   24   59   0.7
65   0.744868   1801.98   1860.15   24   58   0.73
66   0.762994   1860.15   1875   24   57   0.76
67   0.77794   1875   1917.45   25   57   0.76
68   0.797571   1917.45   1950   25   56   0.79
69   0.813124   1950   1973.95   26   56   0.79
70   0.833536   1973.95   2025   26   55   0.82
71   0.847216   2025   2029.72   27   55   0.82
72   0.867528   2029.72   2100   27   54   0.85
73   0.887887   2100   2103.05   28   54   0.85
74   0.904977   2103.05   2157.32   28   53   0.89
75   0.924964   2157.32   2175   28   52   0.92
76   0.941218   2175   2210.36   29   52   0.92
77   0.962901   2210.36   2250   29   51   0.95
78   0.986613   2250   2295.91   30   51   0.95
79   1.01058   2295.91   2325   30   50   1
80   1.03053   2325   2362.03   31   50   1
81   1.05218   2362.03   2400   31   49   1.04
82   1.06809   2400   2410.41   32   49   1.04
83   1.09068   2410.41   2473.45   32   48   1.07
84   1.11068   2473.45   2475   32   47   1.11
85   1.1303   2475   2534.99   33   47   1.11
86   1.1549   2534.99   2550   33   46   1.15
87   1.18461   2550   2624.83   34   46   1.15
88   1.2089   2624.83   2625   34   45   1.21
89   1.2286   2625   2683.31   35   45   1.21
90   1.25576   2683.31   2700   35   44   1.25
91   1.27884   2700   2755.08   36   44   1.25
92   1.30624   2755.08   2775   36   43   1.3
93   1.33606   2775   2839.55   37   43   1.3
94   1.36432   2839.55   2850   37   42   1.36
95   1.38866   2850   2908.04   38   42   1.36
96   1.41619   2908.04   2925   38   41   1.41
97   1.46227   2925   3025.06   40   41   1.41
98   1.51496   3025.06   3062.53   40   40   1.5
99   1.53514   3062.53   3075   40   39   1.53
100   1.57025   3075   3147.48   41   39   1.53
101   1.60042   3147.48   3150   41   38   1.6
102   1.63617   3150   3229.52   43   38   1.6
103   1.69894   3229.52   3300   43   37   1.67
104   1.73575   3300   3309.29   44   37   1.67
105   1.76766   3309.29   3375   44   36   1.74
106   1.80855   3375   3398.37   45   36   1.74
107   1.84427   3398.37   3450   45   35   1.82
108   1.88412   3450   3483.96   46   35   1.82
109   1.9216   3483.96   3525   46   34   1.9
110   1.97101   3525   3584.89   47   34   1.9
111   2.00905   3584.89   3600   47   33   2
112   2.05814   3600   3680.74   49   33   2
113   2.13706   3680.74   3750   49   32   2.1
114   2.19111   3750   3782.1   50   32   2.1
115   2.23402   3782.1   3825   50   31   2.21
116   2.28812   3825   3880.29   51   31   2.21
117   2.33288   3880.29   3900   51   30   2.32
118   2.39203   3900   3980.73   53   30   2.32
119   2.48243   3980.73   4050   53   29   2.44
120   2.55228   4050   4090.85   54   29   2.44
121   2.60064   4090.85   4125   54   28   2.58
122   2.67627   4125   4203.9   56   28   2.58
123   2.7798   4203.9   4275   56   27   2.73
124   2.86392   4275   4324.04   57   27   2.73
125   2.92017   4324.04   4350   57   26   2.9
126   2.96935   4350   4390.35   58   25   4.67296e-62
