 0        0.01          99
 1        0.02          49
 2     0.03226          30
 3     0.04762          20
 4      0.0625          15
 5     0.07407        12.5
 6     0.09091          10
 7         0.1           9
 8      0.1111           8
 9       0.125           7
10      0.1429           6
11      0.1667           5
12      0.1818         4.5
13         0.2           4
14      0.2222         3.5
15        0.25           3
16      0.2857         2.5
17      0.3077        2.25
18      0.3333           2
19      0.3571         1.8
20      0.3846         1.6
21      0.4167         1.4
22      0.4545         1.2
23         0.5           1
24      0.5263         0.9
25      0.5556         0.8
26      0.5882         0.7
27       0.625         0.6
28      0.6667         0.5
29      0.7143         0.4
30      0.7692         0.3
31      0.8333         0.2
32      0.9091         0.1
33           1           0
